(
    units: [
        (
            team: 0,
            pos: (5, 30),
            weapon: Gun,
        ),
        (
            team: 1,
            pos: (55, 30),
            weapon: Gun,
        ),
        (
            team: 2,
            pos: (30, 5),
            weapon: Gun,
        ),
        (
            team: 3,
            pos: (30, 55),
            weapon: Gun,
        ),
    ],
    map: [
        [
            (29, 29),
            (29, 30),
            (30, 30),
            (30, 29),
        ],
        [
            (29, 31),
            (29, 30),
            (30, 30),
            (30, 31),
        ],
        [
            (31, 29),
            (31, 30),
            (30, 30),
            (30, 29),
        ],
        [
            (31, 31),
            (31, 30),
            (30, 30),
            (30, 31),
        ],
        [
            (20, 20),
            (27, 20),
            (27, 21),
            (21, 21),
            (21, 27),
            (20, 27),
        ],
        [
            (20, 40),
            (27, 40),
            (27, 39),
            (21, 39),
            (21, 33),
            (20, 33),
        ],
        [
            (40, 20),
            (33, 20),
            (33, 21),
            (39, 21),
            (39, 27),
            (40, 27),
        ],
        [
            (40, 40),
            (33, 40),
            (33, 39),
            (39, 39),
            (39, 33),
            (40, 33),
        ],
        [
            (2, 2),
            (2, 3),
            (15, 16),
            (16, 16),
            (16, 15),
            (3, 2),
        ],
        [
            (2, 58),
            (2, 57),
            (15, 44),
            (16, 44),
            (16, 45),
            (3, 58),
        ],
        [
            (58, 2),
            (58, 3),
            (45, 16),
            (44, 16),
            (44, 15),
            (57, 2),
        ],
        [
            (58, 58),
            (58, 57),
            (45, 44),
            (44, 44),
            (44, 45),
            (57, 58),
        ],
        [
            (10, 20),
            (10, 20.5),
            (17.5, 28),
            (18, 28),
            (18, 27.5),
            (10.5, 20),
        ],
        [
            (10, 40),
            (10, 39.5),
            (17.5, 32),
            (18, 32),
            (18, 32.5),
            (10.5, 40),
        ],
        [
            (50, 20),
            (50, 20.5),
            (42.5, 28),
            (42, 28),
            (42, 27.5),
            (49.5, 20),
        ],
        [
            (50, 40),
            (50, 39.5),
            (42.5, 32),
            (42, 32),
            (42, 32.5),
            (49.5, 40),
        ],
        [
            (20, 10),
            (20, 10.5),
            (27.5, 18),
            (28, 18),
            (28, 17.5),
            (20.5, 10),
        ],
        [
            (20, 50),
            (20, 49.5),
            (27.5, 42),
            (28, 42),
            (28, 42.5),
            (20.5, 50),
        ],
        [
            (40, 10),
            (40, 10.5),
            (32.5, 18),
            (32, 18),
            (32, 17.5),
            (39.5, 10),
        ],
        [
            (40, 50),
            (40, 49.5),
            (32.5, 42),
            (32, 42),
            (32, 42.5),
            (39.5, 50),
        ],
    ],
)
