(
    units: [
        (
            team: 0,
            pos: (20.0, 28.0),
            weapon: Gun,
        ),
        (
            team: 1,
            pos: (20.0, 38.0),
            weapon: Gun,
        ),
        (
            team: 1,
            pos: (40.0, 32.0),
            weapon: Gun,
        ),
        (
            team: 0,
            pos: (40.0, 22.0),
            weapon: Gun,
        ),
    ],
    map: [
        // Walls
        [(12.5, 36.5), (13.5, 36.5), (19.0, 36.5), (19.0, 37.5), (18.0, 37.5), (12.5, 37.5)],
        [(12.5, 37.5), (13.5, 37.5), (13.5, 23.5), (13.5, 22.5), (12.5, 22.5), (12.5, 36.5)],
        [(12.5, 22.5), (13.5, 22.5), (27.5, 22.5), (27.5, 23.5), (26.5, 23.5), (12.5, 23.5)],
        [(26.5, 22.5), (27.5, 22.5), (27.5, 36.5), (27.5, 37.5), (26.5, 37.5), (26.5, 23.5)],
        [(21.0, 36.5), (22.0, 36.5), (27.5, 36.5), (27.5, 37.5), (26.5, 37.5), (21.0, 37.5)],
    
        // Box
        [(19.0, 29.0), (21.0, 29.0), (21.0, 31.0), (19.0, 31.0)],
    
        // Walls
        [(47.5, 23.5), (46.5, 23.5), (41.0, 23.5), (41.0, 22.5), (42.0, 22.5), (47.5, 22.5)],
        [(47.5, 22.5), (46.5, 22.5), (46.5, 36.5), (46.5, 37.5), (47.5, 37.5), (47.5, 23.5)],
        [(47.5, 37.5), (46.5, 37.5), (32.5, 37.5), (32.5, 36.5), (33.5, 36.5), (47.5, 36.5)],
        [(33.5, 37.5), (32.5, 37.5), (32.5, 23.5), (32.5, 22.5), (33.5, 22.5), (33.5, 36.5)],
        [(39.0, 23.5), (38.0, 23.5), (32.5, 23.5), (32.5, 22.5), (33.5, 22.5), (39.0, 22.5)],
    
        // Box
        [(41.0, 31.0), (39.0, 31.0), (39.0, 29.0), (41.0, 29.0)],
    ],
)
