([
    (
        team: 0,
        pos: (5, 30),
        weapon: Gun,
    ),
    (
        team: 0,
        pos: (55, 30),
        weapon: Gun,
    ),
    (
        team: 1,
        pos: (30, 5),
        weapon: Gun,
    ),
    (
        team: 1,
        pos: (30, 55),
        weapon: Gun,
    ),
], [
    ((29, 29), (29, 30), (30, 30)),
    ((29, 29), (30, 30), (30, 29)),
    ((29, 29), (30, 29), (29, 29)),
    ((29, 31), (29, 30), (30, 30)),
    ((29, 31), (30, 30), (30, 31)),
    ((29, 31), (30, 31), (29, 31)),
    ((31, 29), (31, 30), (30, 30)),
    ((31, 29), (30, 30), (30, 29)),
    ((31, 29), (30, 29), (31, 29)),
    ((31, 31), (31, 30), (30, 30)),
    ((31, 31), (30, 30), (30, 31)),
    ((31, 31), (30, 31), (31, 31)),
    ((20, 20), (27, 20), (27, 21)),
    ((20, 20), (27, 21), (21, 21)),
    ((20, 20), (21, 21), (21, 27)),
    ((20, 20), (21, 27), (20, 27)),
    ((20, 20), (20, 27), (20, 20)),
    ((20, 40), (27, 40), (27, 39)),
    ((20, 40), (27, 39), (21, 39)),
    ((20, 40), (21, 39), (21, 33)),
    ((20, 40), (21, 33), (20, 33)),
    ((20, 40), (20, 33), (20, 40)),
    ((40, 20), (33, 20), (33, 21)),
    ((40, 20), (33, 21), (39, 21)),
    ((40, 20), (39, 21), (39, 27)),
    ((40, 20), (39, 27), (40, 27)),
    ((40, 20), (40, 27), (40, 20)),
    ((40, 40), (33, 40), (33, 39)),
    ((40, 40), (33, 39), (39, 39)),
    ((40, 40), (39, 39), (39, 33)),
    ((40, 40), (39, 33), (40, 33)),
    ((40, 40), (40, 33), (40, 40)),
    ((2, 2), (2, 3), (15, 16)),
    ((2, 2), (15, 16), (16, 16)),
    ((2, 2), (16, 16), (16, 15)),
    ((2, 2), (16, 15), (3, 2)),
    ((2, 2), (3, 2), (2, 2)),
    ((2, 58), (2, 57), (15, 44)),
    ((2, 58), (15, 44), (16, 44)),
    ((2, 58), (16, 44), (16, 45)),
    ((2, 58), (16, 45), (3, 58)),
    ((2, 58), (3, 58), (2, 58)),
    ((58, 2), (58, 3), (45, 16)),
    ((58, 2), (45, 16), (44, 16)),
    ((58, 2), (44, 16), (44, 15)),
    ((58, 2), (44, 15), (57, 2)),
    ((58, 2), (57, 2), (58, 2)),
    ((58, 58), (58, 57), (45, 44)),
    ((58, 58), (45, 44), (44, 44)),
    ((58, 58), (44, 44), (44, 45)),
    ((58, 58), (44, 45), (57, 58)),
    ((58, 58), (57, 58), (58, 58)),
    ((10, 20), (10, 20.5), (17.5, 28)),
    ((10, 20), (17.5, 28), (18, 28)),
    ((10, 20), (18, 28), (18, 27.5)),
    ((10, 20), (18, 27.5), (10.5, 20)),
    ((10, 20), (10.5, 20), (10, 20)),
    ((10, 40), (10, 39.5), (17.5, 32)),
    ((10, 40), (17.5, 32), (18, 32)),
    ((10, 40), (18, 32), (18, 32.5)),
    ((10, 40), (18, 32.5), (10.5, 40)),
    ((10, 40), (10.5, 40), (10, 40)),
    ((50, 20), (50, 20.5), (42.5, 28)),
    ((50, 20), (42.5, 28), (42, 28)),
    ((50, 20), (42, 28), (42, 27.5)),
    ((50, 20), (42, 27.5), (49.5, 20)),
    ((50, 20), (49.5, 20), (50, 20)),
    ((50, 40), (50, 39.5), (42.5, 32)),
    ((50, 40), (42.5, 32), (42, 32)),
    ((50, 40), (42, 32), (42, 32.5)),
    ((50, 40), (42, 32.5), (49.5, 40)),
    ((50, 40), (49.5, 40), (50, 40)),
    ((20, 10), (20, 10.5), (27.5, 18)),
    ((20, 10), (27.5, 18), (28, 18)),
    ((20, 10), (28, 18), (28, 17.5)),
    ((20, 10), (28, 17.5), (20.5, 10)),
    ((20, 10), (20.5, 10), (20, 10)),
    ((20, 50), (20, 49.5), (27.5, 42)),
    ((20, 50), (27.5, 42), (28, 42)),
    ((20, 50), (28, 42), (28, 42.5)),
    ((20, 50), (28, 42.5), (20.5, 50)),
    ((20, 50), (20.5, 50), (20, 50)),
    ((40, 10), (40, 10.5), (32.5, 18)),
    ((40, 10), (32.5, 18), (32, 18)),
    ((40, 10), (32, 18), (32, 17.5)),
    ((40, 10), (32, 17.5), (39.5, 10)),
    ((40, 10), (39.5, 10), (40, 10)),
    ((40, 50), (40, 49.5), (32.5, 42)),
    ((40, 50), (32.5, 42), (32, 42)),
    ((40, 50), (32, 42), (32, 42.5)),
    ((40, 50), (32, 42.5), (39.5, 50)),
    ((40, 50), (39.5, 50), (40, 50)),
])